49	36	61
106	19	116
71	11	56
128	44	61
60	40	106
115	7	87
134	13	83
19	36	75
129	2	106
76	13	49
13	7	45
89	11	70
93	44	114
61	3	131
21	28	11
131	31	11
122	11	113
123	0	114
93	44	28
19	25	85
114	13	15
61	37	27
82	44	117
13	7	88
64	14	116
124	37	116
128	13	106
117	37	64
37	15	120
122	44	116
110	31	69
127	36	64
28	37	114
90	44	64
42	44	61
114	44	27
6	40	22
127	34	65
61	19	25
35	44	116
37	2	117
106	33	46
101	34	38
76	19	124
42	11	56
128	31	104
110	36	98
57	13	83
76	44	124
108	20	117
128	44	32
83	34	65
82	4	76
128	44	20
104	15	101
67	27	106
104	17	98
61	13	75
95	36	52
88	11	56
88	43	55
42	44	114
104	17	34
25	31	67
28	19	84
81	11	91
64	37	98
122	7	88
16	11	78
67	15	19
121	11	56
69	7	3
114	31	104
129	2	28
8	11	73
94	11	73
30	19	57
72	19	75
90	15	19
127	44	84
127	33	110
104	15	110
62	33	20
17	20	28
30	35	124
61	2	76
94	19	114
49	34	38
92	16	51
75	37	28
28	19	116
54	33	79
57	13	107
111	44	28
81	11	56
117	31	67
18	27	57
57	13	68
90	27	28
129	44	28
121	27	124
14	21	6
133	21	6
134	13	61
82	43	55
130	36	129
105	30	11
55	19	72
134	13	25
118	27	106
113	7	45
28	13	114
86	36	116
124	37	46
123	44	134
90	2	64
46	7	126
92	20	13
117	13	25
121	7	35
25	44	114
40	31	81
124	14	106
126	7	14
88	4	57
116	37	9
72	14	49
79	34	38
122	7	102
49	19	114
62	36	34
95	11	53
28	0	61
90	44	117
57	3	128
64	44	9
28	44	78
133	34	38
134	29	79
76	2	49
95	22	21
51	15	110
127	44	123
116	31	67
129	27	57
114	13	68
118	43	51
75	37	61
102	7	10
9	7	20
53	31	47
116	37	84
130	27	76
25	44	83
55	19	75
108	5	25
82	12	38
79	7	126
19	11	59
84	37	83
9	7	39
96	36	32
116	37	28
55	35	25
76	37	75
109	10	113
117	44	98
128	3	87
28	6	128
70	34	65
104	2	72
30	19	51
34	27	128
76	19	114
85	32	102
57	2	49
108	20	104
17	40	106
110	36	28
76	37	98
21	1	74
91	39	92
123	13	117
115	1	33
76	0	57
92	18	10
64	44	83
46	11	79
121	44	28
134	13	68
75	37	76
54	31	67
18	11	97
35	44	61
37	2	106
111	44	124
108	16	76
106	36	28
57	19	123
72	44	27
75	44	78
127	36	123
104	44	83
96	31	129
3	27	61
64	13	15
61	13	117
52	20	10
114	37	123
118	16	61
43	40	106
54	36	98
76	13	68
51	13	6
134	11	56
72	11	106
28	2	72
85	32	4
114	44	28
112	23	17
4	7	105
124	2	57
134	29	130
76	19	25
28	37	57
37	15	84
108	5	18
128	40	134
0	36	19
57	44	79
52	12	65
51	2	128
69	44	25
82	11	7
124	6	76
128	14	49
57	37	34
42	27	124
28	37	71
61	37	130
35	44	83
49	33	14
40	36	82
57	11	83
28	3	57
122	34	38
124	37	126
110	33	34
57	0	128
57	3	21
123	44	64
3	27	124
104	15	114
127	44	25
79	34	65
106	13	128
128	11	83
49	33	44
131	31	100
109	40	57
37	44	83
92	16	57
76	14	61
75	31	45
108	5	50
19	36	128
92	11	60
82	2	116
131	34	38
57	0	76
20	27	76
76	14	124
127	33	66
25	44	39
18	7	10
113	11	59
76	11	1
61	19	124
61	11	124
115	31	29
42	7	118
87	28	11
51	13	92
9	11	56
114	44	79
92	5	118
92	44	57
15	13	106
61	2	28
1	13	49
124	13	82
128	44	75
92	20	76
104	44	76
104	17	130
108	5	67
4	44	25
82	44	25
102	7	129
91	11	73
1	13	128
51	13	82
61	44	28
64	31	37
67	11	56
75	37	71
115	28	100
108	18	111
84	31	129
94	29	14
61	3	133
64	44	61
116	31	37
110	33	9
51	13	108
5	40	22
19	36	34
52	20	105
109	17	61
9	36	35
82	40	28
109	40	61
88	2	124
66	11	79
93	44	64
44	11	59
84	37	28
104	44	128
86	36	84
116	44	61
5	11	7
0	11	70
122	27	76
77	35	36
35	15	96
17	11	74
104	44	117
128	34	65
52	20	67
94	29	16
6	40	133
43	40	72
101	33	39
68	13	1
118	2	128
124	37	83
13	11	113
110	31	104
107	19	128
19	33	79
123	37	14
57	3	131
61	19	128
28	44	34
132	30	11
12	11	73
117	11	116
49	19	28
28	31	85
111	44	84
52	20	57
51	2	28
110	33	71
67	2	116
50	44	124
127	33	98
101	38	110
134	13	76
24	27	106
115	1	6
129	2	64
63	12	38
35	2	28
123	44	83
129	15	120
109	19	28
123	37	34
117	44	94
111	15	64
113	7	37
34	36	129
117	6	114
3	11	56
88	15	25
102	7	50
93	44	128
1	34	65
114	13	6
40	11	73
88	2	72
128	44	66
67	2	106
102	44	76
104	7	67
10	44	25
52	20	123
45	44	25
115	1	5
45	2	123
92	20	45
96	33	16
133	28	91
92	28	118
57	2	124
77	35	33
117	37	32
0	36	28
18	27	61
115	1	125
82	2	84
107	40	38
130	27	57
49	13	25
37	44	84
104	2	57
124	3	115
120	33	44
111	27	124
130	7	66
30	40	72
88	2	28
52	20	128
128	2	76
3	44	117
106	19	28
87	28	100
76	19	51
88	4	61
127	36	92
87	31	29
109	19	117
51	15	117
71	7	44
84	44	79
28	37	27
57	14	28
84	13	49
122	7	3
109	10	111
22	1	63
104	7	111
130	7	98
68	13	64
49	36	124
53	36	52
55	11	56
25	13	106
4	44	114
49	44	14
49	14	106
50	7	132
116	37	76
60	40	49
93	44	61
110	36	75
114	13	123
57	14	49
119	11	56
92	5	13
5	34	65
86	36	75
28	44	57
61	2	57
54	11	62
30	35	61
85	27	49
16	11	59
86	36	85
57	37	116
109	19	116
25	11	7
57	44	123
118	15	96
108	20	28
35	27	57
101	38	19
94	13	51
41	34	38
34	7	44
76	13	123
114	31	35
58	44	75
108	5	118
12	10	2
98	7	78
19	11	120
9	36	104
64	6	116
32	7	34
118	43	28
45	15	96
118	7	132
101	36	116
72	13	83
123	13	116
10	27	49
100	27	61
17	40	49
133	1	6
52	20	4
82	28	29
1	13	76
96	31	13
124	37	76
82	40	76
64	37	46
96	36	117
72	44	9
45	2	106
67	27	57
58	44	84
127	11	120
88	27	28
104	17	128
108	20	67
52	40	57
87	7	22
15	13	114
120	31	102
120	41	85
132	44	114
57	2	28
28	2	61
129	7	90
26	40	61
61	40	124
37	2	25
75	37	34
30	19	75
5	40	65
61	13	124
128	40	61
6	40	115
90	7	10
120	31	69
93	34	38
35	27	61
62	11	56
54	36	114
117	31	35
57	19	84
133	11	73
76	44	66
116	44	28
53	23	92
60	11	33
19	42	86
116	44	114
19	9	86
61	44	124
28	0	76
122	7	69
76	13	72
115	40	51
75	44	71
35	34	65
124	13	60
84	37	66
129	2	25
84	44	16
32	7	98
118	44	75
115	1	52
17	28	100
42	44	117
58	44	124
18	44	64
92	16	128
23	39	6
113	7	111
68	13	76
132	27	49
117	44	116
61	44	9
34	34	38
104	15	25
52	20	111
19	31	121
84	13	25
30	35	117
117	13	75
37	2	84
123	13	128
22	11	73
18	34	65
14	11	39
84	44	28
25	37	117
101	33	16
33	40	49
4	7	18
45	15	54
114	13	117
3	7	18
122	7	105
25	6	114
95	36	108
22	28	91
94	13	68
55	40	57
77	13	114
124	37	117
40	31	91
124	44	20
124	0	57
113	7	132
96	44	123
82	40	124
21	11	22
128	44	57
5	44	114
88	43	72
76	13	6
72	33	46
84	37	25
98	7	14
108	20	116
49	13	1
92	11	74
61	19	117
57	37	28
84	37	9
35	2	25
128	44	78
96	36	116
96	36	106
28	14	51
3	7	118
55	40	124
128	44	16
19	33	126
104	2	128
28	37	98
69	11	97
128	40	28
116	13	1
121	44	123
96	33	46
33	34	38
92	18	37
72	13	51
22	1	6
35	2	57
45	11	56
40	11	53
101	36	57
57	2	128
28	37	123
9	7	46
82	11	74
92	44	116
62	36	98
104	27	76
62	11	59
109	35	57
108	5	88
0	36	57
131	1	36
64	13	117
118	11	56
128	44	39
28	13	25
102	44	117
108	12	92
5	11	6
59	34	38
122	7	10
76	2	72
134	29	78
134	13	116
108	20	128
84	13	117
57	31	90
108	20	64
28	19	64
30	40	76
52	40	106
28	34	65
49	44	79
42	44	64
19	31	4
28	37	34
28	2	57
131	1	17
119	11	73
87	1	26
46	11	39
49	44	66
54	31	37
118	2	116
55	34	65
28	37	124
30	35	25
129	2	61
128	44	5
25	44	126
25	13	75
132	7	45
52	20	114
109	10	97
28	6	57
64	13	123
13	27	72
58	27	28
121	44	83
102	7	45
5	24	23
85	27	61
25	37	126
102	44	61
108	12	38
117	44	39
92	40	28
104	44	75
61	13	123
75	44	16
42	11	10
120	36	72
21	31	24
116	31	45
61	44	83
37	44	114
28	37	61
61	11	83
84	6	114
61	31	104
19	31	69
84	44	134
67	15	123
114	44	134
25	44	123
107	40	115
1	13	68
64	14	84
120	36	61
123	44	25
93	7	67
76	31	45
35	27	128
110	31	13
50	27	49
113	44	124
110	36	32
110	36	92
132	11	97
120	31	35
94	13	84
49	19	123
115	34	38
92	18	85
117	44	32
131	7	21
83	37	25
5	11	74
128	0	124
78	7	16
68	34	38
42	27	57
128	31	90
63	40	72
96	31	102
101	33	27
17	20	118
116	3	80
88	4	28
85	11	56
110	33	39
54	41	85
132	7	35
118	2	124
124	37	32
126	11	79
127	31	4
114	13	128
128	37	124
57	44	114
61	37	28
109	35	134
30	19	72
84	44	46
40	23	108
84	13	64
10	44	75
37	44	116
3	27	128
86	33	19
5	40	43
45	44	61
75	13	117
97	27	124
52	20	75
109	17	72
106	44	25
49	44	27
84	37	20
115	1	17
61	13	25
114	37	64
115	1	108
37	2	114
12	10	64
52	20	116
130	7	46
25	37	46
75	34	65
92	20	3
32	7	14
131	1	108
57	14	51
37	44	75
45	27	128
117	13	84
122	7	132
111	2	76
86	39	41
106	44	16
105	7	111
35	15	110
61	13	49
134	13	123
42	27	106
54	38	19
124	44	116
21	31	81
124	37	128
19	33	44
21	1	92
129	15	25
32	11	56
67	44	57
127	31	69
123	37	44
123	37	46
57	11	75
64	31	35
133	28	81
76	14	128
31	4	124
49	33	32
61	0	28
82	44	75
92	18	67
92	44	128
81	44	53
132	44	83
61	2	49
96	44	114
124	3	87
109	40	72
18	7	35
62	33	16
105	44	64
19	36	49
132	44	25
79	11	39
116	44	130
108	20	61
83	34	38
22	1	52
116	37	126
64	44	78
127	36	98
118	2	117
122	7	121
18	44	75
16	21	5
118	2	57
111	27	61
118	44	114
49	36	57
124	13	107
37	7	111
4	44	117
118	27	76
93	7	18
31	4	51
81	11	73
28	44	84
22	28	31
100	11	59
76	14	49
28	13	128
133	1	36
29	27	51
96	36	123
84	6	123
78	7	39
22	21	6
64	37	9
15	13	128
113	27	49
83	37	75
129	44	114
49	13	57
78	7	46
77	11	56
49	3	22
18	44	117
96	33	66
37	11	56
128	19	64
124	44	64
82	28	24
17	20	12
129	7	67
53	36	82
114	31	133
32	7	126
69	44	117
133	28	11
127	33	54
47	34	38
104	2	61
57	3	115
30	19	64
83	13	61
93	30	11
0	36	75
50	7	18
102	44	116
67	44	25
120	33	39
46	11	56
117	44	130
25	37	79
64	13	83
51	13	117
14	7	39
84	13	106
9	36	37
34	36	90
28	37	64
25	37	14
82	40	57
122	7	37
72	40	134
96	31	93
129	27	106
26	34	38
55	35	116
110	31	93
128	31	35
3	44	64
130	34	38
94	34	65
21	28	47
123	14	25
124	37	14
28	2	106
51	13	106
124	31	104
118	4	128
88	2	25
25	13	124
24	43	128
113	27	128
69	44	128
114	44	71
87	31	11
49	36	34
128	37	126
93	7	88
115	31	100
97	11	59
124	3	57
55	35	123
21	1	36
110	33	66
20	27	128
75	11	1
0	42	86
87	31	47
84	37	14
36	34	38
51	13	75
18	44	114
76	37	66
61	37	39
127	36	82
40	22	21
130	27	128
110	33	126
93	27	128
110	33	79
116	37	117
114	44	84
76	37	128
28	19	128
112	36	92
49	33	27
55	19	84
102	27	106
88	44	124
93	27	51
15	13	72
49	13	82
73	34	38
129	2	76
92	40	76
66	11	39
108	18	118
117	31	45
17	20	128
126	11	78
61	37	46
46	7	39
106	36	34
118	30	11
76	6	128
37	27	124
124	3	133
35	15	116
88	2	61
120	36	75
4	7	88
18	11	59
84	37	75
88	11	59
82	4	124
90	7	104
51	15	64
127	31	121
28	13	116
76	31	54
69	7	50
76	37	117
106	19	25
117	37	39
55	16	106
133	11	22
111	2	25
127	33	78
38	34	65
67	7	105
112	23	60
98	34	38
40	34	65
122	27	72
72	36	28
45	2	61
84	37	78
69	27	49
110	36	76
79	21	5
111	44	57
48	11	70
127	36	49
13	7	111
35	15	54
5	40	134
117	31	85
61	44	44
111	15	96
134	13	124
121	44	64
55	40	106
60	44	25
42	7	67
54	36	34
92	44	61
118	15	25
111	27	51
128	37	39
115	21	5
35	15	19
81	44	21
121	7	10
94	10	116
94	13	15
120	33	98
45	27	72
58	27	61
102	7	121
122	7	50
87	1	63
3	27	49
57	6	128
108	5	69
114	37	61
129	2	84
115	7	22
35	2	123
93	27	61
106	33	39
110	36	106
121	44	61
52	20	84
11	11	29
37	44	25
20	7	46
22	11	56
123	44	76
92	20	118
84	44	128
64	11	1
75	37	124
54	11	59
118	43	55
16	11	39
114	13	84
92	20	104
96	33	32
83	37	64
134	13	114
131	22	53
4	44	75
82	43	72
102	11	113
76	44	123
124	19	28
76	44	25
76	44	83
42	7	104
122	44	64
86	36	57
61	44	27
113	7	50
78	7	27
110	34	65
108	5	37
61	3	21
90	15	64
49	19	117
96	44	116
117	44	20
83	13	28
31	27	124
127	33	27
83	44	28
70	13	114
87	21	5
124	2	28
76	31	35
131	1	82
51	13	83
76	31	129
35	15	120
76	44	61
5	40	72
110	11	56
129	2	117
69	44	57
25	13	117
60	44	124
94	13	116
110	36	61
37	15	19
74	34	38
72	3	115
114	13	106
92	5	132
13	7	18
127	36	51
88	44	75
67	44	124
106	44	114
88	15	19
122	7	111
69	34	65
111	2	61
90	2	106
64	13	106
74	11	7
128	44	124
112	36	33
35	7	90
30	35	84
51	13	15
76	0	124
51	13	60
35	2	116
96	36	57
49	44	44
120	33	14
124	44	128
69	7	132
124	13	61
7	34	38
114	6	116
114	37	57
92	18	4
120	36	128
13	7	121
82	44	124
92	18	69
37	2	49
108	20	85
116	13	75
76	37	116
98	27	124
80	39	64
96	36	98
22	28	81
112	23	63
67	2	57
113	7	4
127	31	85
95	36	26
105	27	72
28	11	1
78	11	56
27	34	38
69	44	83
17	20	88
28	44	64
117	37	76
37	15	96
50	44	116
112	36	26
123	37	39
115	31	24
92	20	10
0	36	49
58	44	76
88	44	57
122	44	28
54	33	44
18	30	11
54	36	123
60	40	128
128	13	60
18	27	51
44	7	27
110	31	4
45	11	97
100	27	72
101	33	126
107	44	5
67	40	130
84	44	126
28	44	76
102	7	105
113	44	25
76	13	82
88	15	120
103	11	73
30	40	106
76	44	57
124	37	123
35	27	28
109	17	51
28	14	124
53	11	56
118	2	61
49	33	130
25	6	64
22	28	11
90	2	49
81	44	87
57	11	7
54	36	57
49	3	115
28	13	108
84	44	57
109	19	49
22	34	65
41	11	56
45	44	117
108	5	121
117	39	80
76	13	83
114	34	38
106	13	114
131	22	95
54	33	126
61	37	64
62	33	46
128	34	38
101	33	9
10	27	61
88	7	104
88	30	11
108	20	84
57	13	75
90	44	25
107	40	8
51	15	116
102	11	10
88	27	61
34	7	126
30	35	116
45	2	84
35	44	124
92	5	105
41	11	99
58	44	117
128	6	76
117	34	65
115	40	61
119	34	38
133	31	11
108	16	61
1	13	124
114	44	5
93	11	113
36	11	74
3	44	128
22	31	29
17	20	85
28	44	98
61	13	6
61	44	64
28	11	7
22	21	107
109	10	90
13	7	10
109	17	25
57	37	98
16	21	107
53	36	60
43	11	70
25	44	124
134	29	9
88	43	128
49	13	108
65	11	56
75	11	7
75	11	83
5	37	107
17	20	4
109	10	25
88	7	111
82	4	28
133	31	81
75	44	39
133	28	47
124	44	78
25	44	20
69	7	10
17	40	51
26	40	57
61	31	45
108	5	75
121	27	28
94	13	25
66	34	38
24	43	76
82	44	84
128	19	124
57	0	28
115	1	107
123	44	78
37	27	49
42	27	61
117	44	25
35	27	72
95	31	91
51	15	127
31	27	76
67	27	61
102	44	84
28	44	126
84	37	116
69	27	57
105	27	61
75	37	126
57	44	20
49	33	79
13	44	57
128	13	82
49	3	21
128	6	28
95	36	82
128	2	106
25	44	9
124	19	128
109	10	123
61	37	32
113	27	57
110	31	102
90	44	57
64	37	116
12	10	48
72	13	82
54	36	116
64	37	14
124	31	37
37	44	76
71	36	104
62	33	34
134	19	84
72	3	87
50	7	90
133	1	26
88	27	72
28	3	76
54	36	92
96	36	51
64	6	114
87	1	52
54	36	82
19	42	110
121	7	90
11	27	72
90	27	49
86	25	54
127	36	25
108	18	85
5	40	21
90	34	65
92	44	84
117	14	64
21	1	107
4	44	84
92	44	76
75	37	116
118	34	38
72	44	32
116	44	123
61	2	51
88	16	28
20	11	59
28	44	39
57	44	44
76	44	64
28	13	84
117	13	15
19	33	14
19	11	62
93	7	37
111	34	65
84	13	123
10	27	28
84	37	32
129	2	123
108	34	38
109	40	128
71	7	78
92	5	67
131	16	28
95	36	60
35	7	45
84	37	124
128	3	57
116	6	123
131	31	47
121	44	84
61	44	66
43	34	65
95	23	26
113	7	88
26	12	38
42	7	129
124	13	72
66	11	78
122	7	104
4	27	128
114	44	126
31	43	51
92	12	65
9	7	27
108	5	117
113	7	35
114	44	16
129	15	110
49	2	106
51	13	5
113	7	42
60	44	57
123	44	20
62	33	14
61	0	124
84	37	126
102	7	18
84	44	78
19	36	116
75	13	61
45	2	57
69	7	37
26	11	33
49	13	76
6	44	5
25	37	116
87	31	91
18	27	28
106	36	128
115	28	91
132	44	116
111	27	76
88	2	51
69	7	13
34	36	67
117	44	76
123	44	116
129	15	19
84	44	83
123	37	76
92	40	106
33	40	128
45	40	130
51	3	21
86	36	117
76	37	83
26	40	49
46	34	38
5	40	94
104	2	75
51	13	57
29	27	76
15	13	84
92	5	18
12	10	84
82	43	124
10	44	116
102	30	11
92	20	37
34	7	20
19	33	46
72	44	114
124	0	61
24	43	72
54	36	25
84	44	114
17	20	93
82	2	128
110	33	130
110	33	54
102	27	28
84	37	57
22	1	5
22	31	47
49	13	60
0	36	61
129	2	128
92	5	113
49	3	133
116	44	46
113	27	51
6	40	43
114	44	116
35	27	76
21	1	17
83	11	7
17	40	72
24	4	128
116	37	57
25	37	75
72	19	124
128	44	28
116	11	83
128	44	98
42	7	50
35	44	57
72	13	1
37	15	127
84	6	116
112	36	17
90	11	59
84	31	85
104	2	64
19	34	38
108	5	122
123	37	130
84	37	27
111	15	54
132	44	84
127	36	76
133	1	5
54	33	14
117	37	28
45	2	75
18	44	61
132	27	61
66	21	107
3	7	50
31	43	106
106	11	56
108	18	18
111	2	114
99	11	73
110	33	78
76	31	104
133	31	31
104	2	114
111	2	51
92	40	51
108	20	12
113	44	84
134	34	65
88	7	105
123	44	27
49	33	16
76	13	28
123	37	71
23	13	114
5	40	76
92	20	129
129	7	105
92	18	13
11	27	28
72	19	117
45	15	64
84	13	128
3	11	10
110	33	16
93	11	102
64	44	130
66	7	126
57	31	129
129	7	45
97	27	61
90	44	116
61	19	57
116	13	76
90	15	114
120	36	124
108	20	4
19	36	61
37	2	116
134	29	126
72	13	25
27	7	39
129	40	130
50	7	35
86	45	110
42	7	35
48	29	69
104	11	18
100	27	124
96	33	27
134	13	1
128	2	124
128	3	51
67	2	123
57	11	124
109	10	117
102	11	59
116	44	34
123	37	20
90	34	38
51	13	128
127	33	34
108	18	37
55	40	61
49	13	61
92	28	31
68	11	15
21	28	31
115	11	56
101	11	59
37	7	10
75	13	124
92	5	50
92	5	104
75	44	76
128	44	6
98	36	37
57	13	84
52	11	74
124	37	25
31	27	72
76	37	16
114	13	61
75	37	78
51	15	114
64	37	114
20	21	5
106	13	108
45	27	76
3	7	90
51	13	107
25	37	71
69	7	105
95	23	108
37	15	117
116	44	57
108	12	82
128	13	72
9	7	16
28	40	61
62	36	32
93	27	76
90	40	130
37	44	64
9	34	38
94	29	34
87	7	21
75	13	15
130	7	39
28	44	27
32	7	79
123	11	1
106	13	92
98	36	90
75	44	117
92	18	121
95	11	56
127	42	86
121	44	25
88	2	106
98	7	44
20	7	16
117	13	83
72	33	79
117	31	129
121	34	38
64	37	57
108	20	57
108	12	65
4	11	10
54	36	84
114	37	79
122	44	76
3	27	51
13	27	51
118	4	61
72	13	76
5	40	106
124	44	123
20	21	6
124	13	68
125	34	65
90	7	105
55	19	61
113	44	114
128	44	25
133	31	29
129	2	51
76	13	117
115	7	21
61	14	49
93	7	129
28	19	61
90	44	28
84	37	61
108	11	7
21	31	91
92	18	129
117	13	123
60	40	124
49	44	39
0	11	73
49	13	6
28	34	38
72	13	60
104	2	106
94	19	84
93	7	10
61	2	72
61	6	76
116	44	16
76	2	124
53	36	92
98	36	45
10	44	64
5	40	49
97	27	128
79	7	16
3	44	123
113	44	57
114	44	46
46	7	14
114	44	128
11	27	128
92	20	121
83	11	1
72	13	92
17	20	45
21	1	52
22	31	11
45	2	51
85	33	19
125	34	38
51	2	72
61	37	9
117	13	57
110	31	35
22	1	107
117	37	123
8	29	21
67	15	64
64	11	7
98	7	39
28	13	83
108	16	49
34	27	76
75	44	57
65	34	38
42	7	13
114	13	1
45	15	114
114	37	124
86	13	114
57	31	45
86	11	23
25	13	51
6	19	114
72	33	20
69	27	61
113	44	76
61	13	76
92	18	45
21	31	100
12	11	56
92	20	113
13	11	10
64	44	116
64	6	123
124	44	117
32	36	37
8	29	131
123	11	116
49	44	32
106	13	49
113	7	129
107	11	74
94	19	123
3	7	67
118	11	97
0	36	106
35	2	76
55	35	94
28	6	76
123	13	57
72	13	28
106	33	34
28	19	76
57	13	106
86	9	110
68	13	116
131	22	112
130	36	104
72	36	34
117	37	79
61	31	85
32	7	78
124	44	83
76	11	124
113	7	118
61	37	14
117	37	9
33	11	74
57	13	5
58	44	114
58	34	38
37	27	57
76	31	37
19	31	102
68	13	72
117	44	71
124	3	51
109	17	49
114	13	28
124	37	28
17	20	134
124	2	72
75	37	46
72	44	14
22	1	74
129	15	84
92	20	124
61	37	71
126	7	44
131	22	40
120	31	121
24	4	28
12	10	43
13	7	67
55	34	38
51	15	123
108	20	83
66	21	6
82	43	28
92	16	49
76	44	20
33	40	106
122	7	129
128	13	124
25	37	57
19	36	106
55	19	64
108	18	121
28	37	126
88	2	117
19	36	57
123	31	133
123	44	39
1	13	106
94	10	123
28	14	106
113	11	97
108	44	123
92	20	85
113	7	67
50	11	97
57	2	76
106	33	66
72	13	106
57	13	72
72	13	84
31	4	61
111	11	97
30	35	134
17	20	42
108	40	128
33	40	72
34	34	65
75	13	25
134	29	39
121	7	45
109	19	114
69	44	76
69	11	56
92	40	49
98	7	20
104	15	64
123	11	7
72	19	61
90	2	124
100	27	57
71	36	37
88	44	83
109	35	123
114	44	75
60	44	117
37	27	28
57	3	133
133	21	107
131	28	11
122	7	93
53	36	26
106	34	38
128	37	76
127	36	32
101	33	46
75	37	64
37	44	128
68	34	65
31	27	106
94	34	38
84	13	83
13	27	61
30	19	116
121	27	49
22	28	24
123	44	75
9	7	66
72	33	27
108	20	13
22	31	81
56	34	38
55	19	124
124	37	98
88	44	76
72	44	39
129	44	57
61	37	25
63	40	128
111	15	120
73	11	56
54	36	64
60	40	57
4	7	90
80	39	123
35	15	127
61	3	76
88	43	49
9	7	126
75	44	25
83	37	128
111	44	75
108	18	93
49	44	20
118	11	10
76	2	128
109	40	28
3	7	88
117	6	123
68	13	123
17	20	90
45	11	10
90	27	57
20	21	107
127	31	90
112	23	33
88	16	124
132	7	67
90	15	101
19	33	78
96	36	64
32	7	44
29	34	38
116	37	83
22	31	24
36	34	65
85	26	54
118	15	117
17	34	38
64	13	51
118	15	64
4	44	123
116	37	71
13	27	76
121	7	118
82	44	28
42	44	123
0	36	123
48	11	89
69	44	123
90	15	123
79	7	20
25	37	76
90	44	128
14	7	16
124	44	16
2	34	65
131	31	24
50	11	113
84	3	80
131	1	6
96	23	25
118	44	123
126	21	107
111	2	64
92	5	111
97	27	51
92	5	121
106	13	61
101	36	76
34	11	39
84	11	7
75	37	9
120	34	38
75	44	64
12	10	123
75	44	27
24	27	57
69	11	10
116	6	64
35	2	128
11	11	56
117	13	72
57	34	38
8	29	87
114	44	32
133	31	24
134	29	27
19	36	76
88	44	114
118	4	57
53	11	73
63	40	76
22	31	91
109	17	106
14	11	79
57	13	61
30	40	61
124	3	21
88	44	128
88	27	128
102	7	37
85	45	101
124	19	116
116	44	14
64	3	80
43	40	49
92	44	114
101	36	124
30	40	49
124	31	85
25	13	64
28	13	106
87	28	24
84	44	14
128	44	76
62	33	39
86	36	106
92	20	105
82	2	61
64	44	123
24	27	61
30	19	25
124	37	34
28	3	22
19	25	86
0	11	56
76	19	84
61	37	117
116	37	114
9	11	39
28	44	32
117	13	114
128	13	116
50	44	28
123	13	68
61	44	25
102	7	118
108	18	102
122	44	57
92	18	93
129	44	116
128	6	61
92	5	88
116	37	78
102	34	65
111	2	123
27	34	65
106	3	22
67	44	117
129	2	75
127	36	114
129	2	57
88	11	18
122	27	28
112	11	73
30	19	84
15	13	68
21	1	125
75	13	123
67	7	111
30	35	123
69	27	51
118	15	120
5	13	114
123	13	51
3	11	113
106	19	123
110	39	41
76	37	64
25	37	61
104	17	124
60	34	38
124	13	15
132	7	129
18	44	76
17	20	35
128	14	124
95	31	47
49	13	68
132	44	57
62	33	79
50	27	128
116	44	64
77	35	6
21	21	6
18	27	76
78	21	107
114	37	84
39	11	56
110	34	38
54	33	39
108	44	75
109	10	13
104	44	64
116	13	123
61	44	76
106	33	20
108	5	114
111	27	57
112	23	26
82	44	116
123	37	128
20	11	39
49	11	62
55	35	134
82	2	117
114	37	83
93	44	124
90	27	128
119	34	65
9	7	44
54	36	28
85	34	38
82	2	76
23	11	56
37	15	25
57	13	28
40	36	60
63	11	7
3	7	10
116	37	32
61	37	20
25	31	129
78	34	65
53	23	63
117	44	46
88	44	123
64	37	75
28	37	130
128	44	116
71	7	79
117	44	134
114	31	85
130	11	59
121	7	132
61	6	128
108	20	37
88	7	90
128	19	114
49	44	126
45	15	101
67	2	64
124	13	117
111	2	75
78	11	39
35	44	64
69	7	102
116	37	61
3	44	114
117	44	34
115	40	72
64	37	39
3	44	116
102	7	93
106	33	9
49	44	78
61	13	72
84	44	123
84	44	98
101	36	84
55	19	51
104	7	105
104	44	57
128	37	20
114	31	45
104	44	114
53	23	33
114	44	78
57	44	25
76	44	78
124	44	130
104	44	124
0	11	23
128	3	115
83	13	1
67	30	11
25	44	94
16	7	27
134	29	44
109	13	108
57	13	123
28	37	84
108	34	65
6	40	65
67	2	49
28	37	32
64	44	46
28	44	16
106	3	133
90	44	123
120	11	62
34	7	98
52	20	104
74	34	65
84	37	34
75	13	64
127	44	116
92	18	113
132	27	128
68	13	15
110	36	114
58	44	61
84	44	34
28	14	72
42	7	4
44	11	79
3	44	124
5	40	8
49	44	123
33	40	61
76	44	116
61	44	114
19	33	32
104	27	51
29	27	124
61	37	124
87	28	29
108	44	116
55	19	28
86	39	120
35	2	49
118	2	72
49	11	59
55	14	30
124	37	84
88	44	84
25	13	1
118	7	37
106	44	79
31	27	51
54	45	127
119	11	70
124	31	67
131	28	47
128	37	123
25	31	104
58	27	76
106	44	27
61	11	75
104	11	97
93	7	45
76	44	84
124	13	116
129	15	64
109	10	18
101	34	65
122	27	128
124	31	129
4	27	28
25	44	116
128	2	72
89	34	38
9	7	34
111	44	83
89	13	114
58	27	124
67	2	28
72	13	64
132	44	117
64	44	14
127	36	57
123	44	114
35	2	106
46	7	16
133	31	47
104	27	57
72	14	106
63	11	33
24	34	65
54	31	121
104	17	76
109	10	35
115	34	65
66	7	14
76	44	32
119	29	96
19	31	93
52	20	124
57	40	61
122	44	117
117	37	78
83	37	84
54	36	76
132	44	128
124	3	131
123	44	9
72	19	114
58	44	116
108	20	134
92	20	83
64	37	84
110	11	62
35	11	10
45	15	19
35	15	101
72	13	123
105	44	57
109	14	30
118	7	90
92	20	128
13	44	61
76	2	51
10	44	28
33	12	38
122	27	49
29	11	56
72	13	57
54	11	56
67	44	84
126	11	56
114	31	37
127	33	20
67	2	25
113	27	72
3	44	76
97	30	11
113	27	124
128	19	117
58	34	65
71	7	32
128	44	64
123	37	25
55	35	76
121	7	37
50	7	67
114	13	76
45	15	84
45	7	67
110	36	34
109	10	104
106	19	124
134	10	123
93	27	49
41	13	114
47	11	56
72	44	34
25	14	84
129	2	49
84	37	44
117	34	38
17	20	129
108	5	105
21	34	65
24	27	124
76	40	128
109	35	128
10	27	128
36	40	76
57	3	76
131	43	21
24	27	28
55	16	57
121	27	128
96	33	44
134	29	32
123	6	84
104	34	38
108	5	102
31	11	29
106	33	14
57	3	22
24	27	76
112	36	63
25	37	84
95	23	17
42	27	128
19	33	66
104	2	124
51	2	57
20	34	65
45	2	76
134	29	66
114	44	25
34	27	61
51	3	115
75	37	114
76	13	106
10	11	56
49	13	83
25	44	130
88	11	97
106	44	66
67	11	10
94	29	9
116	44	84
15	13	75
68	13	57
87	28	81
134	29	16
101	36	123
55	35	128
134	29	34
84	31	45
117	13	64
55	35	117
115	31	47
18	7	67
96	36	128
94	29	130
57	44	128
4	34	65
64	44	32
75	37	83
49	19	75
111	11	59
42	44	128
124	34	65
117	13	124
25	13	123
57	44	16
3	34	38
118	34	65
108	44	128
36	40	128
92	20	123
82	43	76
88	27	57
124	11	7
4	27	51
28	11	75
57	44	76
124	13	28
13	27	49
67	2	72
20	7	27
113	7	69
106	13	84
64	37	117
128	14	106
113	27	61
21	1	6
127	36	106
32	7	66
64	14	25
109	34	38
128	11	124
76	44	44
109	10	4
113	7	10
106	13	82
82	28	100
96	36	84
78	7	14
92	18	50
77	35	125
75	13	84
54	39	41
118	43	128
120	36	117
124	37	66
107	44	114
123	37	126
126	11	39
83	13	25
108	40	28
76	13	108
129	34	38
64	13	124
120	11	56
122	34	65
103	34	38
31	34	65
30	40	124
25	34	65
25	37	66
49	13	75
20	34	38
51	13	25
55	35	84
61	44	16
131	31	31
75	13	106
77	35	26
128	6	124
69	44	116
4	44	116
94	0	134
58	44	28
113	7	105
87	1	5
75	37	39
69	7	88
116	37	14
36	40	106
13	44	84
128	37	46
109	17	124
98	36	35
85	30	11
121	7	129
120	31	122
117	13	116
131	31	91
128	13	64
18	7	111
119	13	114
75	44	83
49	44	34
124	44	28
131	28	31
114	44	123
117	37	71
75	37	25
17	12	82
57	13	116
18	44	28
58	27	106
128	13	28
57	0	61
109	19	128
92	18	18
124	11	83
124	37	114
48	34	38
49	13	64
57	6	76
120	33	32
124	3	22
96	11	120
55	40	72
109	35	76
5	19	114
123	6	25
76	37	14
128	40	57
82	28	58
109	35	94
76	11	7
16	21	6
88	2	49
72	2	49
18	44	25
5	40	115
64	13	72
51	15	84
90	27	76
126	34	38
124	13	1
82	34	38
108	20	93
35	11	56
108	20	25
128	37	78
25	13	68
101	36	75
57	6	124
64	37	124
64	6	25
90	11	10
5	40	131
43	40	124
28	31	45
84	13	1
28	13	57
54	33	130
84	37	46
18	7	37
131	1	52
77	34	38
87	1	82
75	37	66
111	15	110
3	44	28
92	28	88
106	44	20
10	44	124
2	11	70
84	34	65
49	13	28
29	11	59
93	7	132
58	44	57
109	10	67
96	36	75
12	10	119
26	40	128
67	15	101
111	2	28
104	40	130
88	7	129
51	13	116
111	27	49
121	11	59
76	31	90
118	7	67
37	2	76
69	7	45
28	37	14
31	11	56
110	36	72
93	44	83
124	2	49
62	36	130
128	31	54
106	3	87
114	13	51
64	44	20
28	40	94
77	35	92
104	2	117
57	44	28
131	28	91
128	13	76
64	34	38
34	7	16
12	10	25
130	7	78
124	44	66
115	11	73
108	20	35
86	36	49
66	21	5
52	20	83
93	27	57
55	19	128
96	41	85
112	31	81
64	31	67
43	40	76
134	10	116
131	7	133
82	28	88
101	33	71
108	16	106
91	34	38
125	12	82
128	13	49
10	44	76
28	13	82
125	11	7
116	34	38
124	44	25
86	41	54
16	11	79
19	31	13
124	11	75
111	2	116
35	2	114
108	20	102
57	13	6
2	11	73
86	36	25
0	39	120
106	13	25
124	14	72
24	43	124
37	2	124
108	20	76
75	37	20
3	27	72
132	7	37
108	5	83
21	7	22
124	19	61
108	20	121
13	44	117
114	13	83
87	1	6
118	15	19
26	40	51
128	3	22
114	13	72
57	3	87
83	44	116
1	13	117
72	33	32
54	33	20
72	44	84
127	33	130
24	4	57
104	15	127
57	44	14
96	36	25
76	14	106
18	7	129
69	7	67
49	33	98
128	13	92
6	44	114
61	34	38
92	5	93
103	11	56
124	13	6
10	30	11
28	13	51
75	44	128
19	33	98
57	37	46
71	7	98
93	27	124
102	7	90
120	33	78
108	18	3
118	44	124
128	19	76
76	34	38
106	33	130
120	33	71
13	44	64
57	44	117
129	44	75
101	33	79
37	15	116
92	5	122
50	44	75
104	2	49
51	13	124
33	11	7
90	15	127
17	20	64
90	44	124
60	40	61
116	44	78
12	39	82
122	27	124
124	13	84
95	34	65
49	11	56
40	36	26
66	7	16
116	13	49
18	44	84
34	7	27
32	36	67
81	34	65
116	44	66
109	10	64
50	11	59
104	30	11
109	35	28
64	44	117
107	40	94
108	5	64
90	2	123
124	44	57
28	44	79
108	16	57
49	44	25
86	36	127
84	44	39
86	36	82
108	40	76
114	11	7
13	7	105
83	37	114
39	34	65
18	7	45
28	37	79
21	1	63
58	27	51
37	27	128
101	33	20
52	20	76
90	2	114
131	8	38
117	13	28
94	13	83
134	10	114
46	21	6
19	36	0
133	1	92
53	31	91
84	31	37
128	37	117
28	14	61
29	27	106
19	31	37
85	32	122
102	27	128
123	37	61
127	31	35
84	34	38
133	34	65
35	44	114
100	27	28
57	6	61
19	31	129
117	37	130
72	13	114
128	44	114
116	6	25
3	7	105
88	44	25
31	43	55
83	37	117
9	36	90
82	43	106
1	13	72
71	7	20
96	33	126
72	33	126
127	41	85
17	20	104
76	2	57
57	13	64
117	13	76
111	44	116
61	37	66
87	1	33
63	40	51
18	44	128
85	27	128
120	31	85
106	19	61
124	44	27
129	44	64
76	14	57
98	27	28
30	40	128
79	11	56
57	37	71
28	44	44
30	35	76
45	2	114
129	2	124
4	44	61
123	44	126
35	2	72
51	13	84
52	40	61
76	0	61
19	36	51
117	37	126
17	20	113
2	11	89
96	36	28
81	44	40
60	44	123
30	19	106
90	15	25
122	7	13
105	27	124
17	20	80
49	44	117
28	3	131
6	19	128
46	7	44
49	33	39
57	37	79
118	44	128
75	44	44
46	11	78
121	27	76
28	13	5
62	33	44
109	10	114
76	37	130
115	21	6
64	13	75
118	15	127
129	34	65
97	27	106
123	37	64
84	13	72
72	33	9
128	37	83
28	44	124
128	13	83
76	14	72
49	34	65
123	13	72
17	44	114
57	44	27
123	13	76
61	44	39
21	21	5
104	15	54
118	7	105
62	33	27
37	15	123
57	37	27
133	21	5
25	37	44
114	37	28
132	34	65
34	11	59
86	36	72
96	11	62
61	40	94
67	15	117
90	15	120
34	36	37
133	7	21
83	37	123
34	7	78
111	44	128
85	27	57
124	19	117
5	40	128
57	37	117
21	28	91
76	44	130
50	11	10
32	7	46
86	36	76
122	27	106
92	20	122
109	11	30
115	31	11
51	40	94
15	13	57
62	33	78
61	44	34
57	37	75
60	44	76
122	11	97
96	31	4
14	34	38
96	33	130
42	44	116
131	8	65
121	7	50
124	2	106
107	34	38
24	27	128
100	34	65
129	15	114
130	7	16
72	34	65
88	4	124
127	31	45
27	11	39
87	34	38
50	44	57
128	44	84
110	36	116
9	7	78
49	44	64
54	36	106
91	11	56
55	35	28
95	36	63
45	27	124
30	19	49
93	27	28
26	11	7
46	11	59
61	31	37
76	44	128
116	44	117
32	27	28
63	40	28
93	11	59
129	11	59
42	34	38
95	36	33
45	27	49
96	31	67
45	34	38
55	11	30
108	5	13
61	0	57
28	44	71
82	44	128
58	44	123
37	2	64
130	34	65
114	13	5
61	31	90
19	34	65
114	37	128
130	36	37
128	14	72
72	44	25
117	44	78
124	37	130
123	37	116
25	44	57
18	44	83
117	44	83
28	31	104
61	37	44
118	15	54
93	11	56
114	13	116
35	2	117
28	44	46
122	7	67
117	37	34
32	27	128
133	1	125
108	20	129
25	13	49
35	30	11
106	44	116
92	20	93
76	6	61
114	44	124
76	6	28
53	36	17
21	11	73
124	2	128
117	37	46
128	13	5
52	20	18
4	7	37
92	44	123
50	7	111
49	44	84
76	13	57
124	37	39
97	27	72
1	13	61
72	44	44
127	31	13
61	19	114
104	11	59
96	33	79
20	7	39
67	44	76
52	20	129
5	40	61
123	37	27
25	13	84
15	13	76
117	37	98
82	40	72
120	31	45
28	37	78
39	34	38
13	7	35
28	14	49
115	40	57
40	23	82
61	19	76
83	44	124
76	19	64
107	40	87
30	40	28
1	13	28
134	13	117
124	37	64
114	44	64
105	11	59
127	36	128
123	31	85
37	2	128
109	17	84
3	44	75
10	11	59
117	6	64
79	21	6
28	3	133
61	44	14
30	35	114
49	2	72
25	37	28
127	31	42
83	44	61
37	34	38
94	29	126
126	7	16
75	13	51
132	44	124
88	43	28
114	44	117
123	37	66
130	27	61
124	19	114
26	40	106
114	13	25
109	19	106
11	34	38
104	44	84
4	27	57
19	31	90
25	6	116
25	13	114
84	13	114
76	3	133
88	43	106
57	31	104
76	3	87
114	37	126
25	37	39
128	13	25
53	23	17
111	11	10
45	15	123
21	31	11
84	37	16
63	40	57
28	13	124
104	44	116
81	44	22
92	40	128
64	44	66
116	34	65
72	33	14
4	7	50
87	28	31
25	37	78
109	19	72
50	44	117
62	33	98
53	23	108
94	29	66
90	2	25
76	37	126
38	11	56
64	13	128
61	44	78
52	20	85
35	2	75
49	13	106
116	44	98
25	11	75
90	27	51
14	11	56
117	13	68
108	18	42
133	28	29
31	11	59
106	33	16
58	44	25
63	40	106
121	11	10
76	37	28
63	40	61
4	27	106
118	43	106
108	20	80
40	36	108
104	15	123
123	37	57
41	39	120
50	7	118
17	20	124
111	15	19
64	44	25
128	19	51
114	3	80
130	7	20
114	44	39
118	2	84
109	10	129
84	13	75
123	6	64
75	13	116
21	1	108
61	2	106
122	27	57
25	34	38
134	13	64
18	44	123
61	19	64
29	27	61
79	7	14
104	27	106
45	44	124
124	11	1
114	37	116
108	20	45
37	27	106
57	37	124
51	2	106
76	37	57
28	31	35
108	18	10
116	11	7
106	13	57
52	20	61
93	7	35
123	44	98
128	37	57
37	27	76
123	6	117
121	44	57
118	7	45
34	11	56
84	6	117
66	34	65
88	16	76
123	37	124
98	7	79
5	40	87
111	7	10
12	10	117
92	28	11
115	7	133
133	28	100
134	29	71
24	11	59
131	21	107
52	20	122
127	31	129
85	27	51
122	44	75
120	36	64
117	44	57
111	44	64
102	7	35
21	31	47
123	13	61
57	37	130
22	34	38
58	44	128
128	37	64
123	37	28
133	31	91
128	31	67
117	13	106
114	37	25
57	14	61
102	44	28
92	40	61
52	20	102
37	44	117
65	11	38
76	44	46
104	15	117
37	2	51
113	27	76
72	13	49
106	13	68
96	31	69
106	11	59
131	11	73
108	44	61
25	37	128
129	27	28
124	19	123
131	1	107
50	44	128
85	11	59
58	44	64
76	19	61
134	19	123
114	37	27
4	11	56
124	13	5
75	13	28
28	19	57
101	33	44
22	1	108
63	40	49
83	37	57
64	44	27
122	7	4
76	13	60
121	44	117
105	11	97
96	44	84
21	28	29
11	27	124
123	6	116
67	15	120
34	27	124
121	30	11
67	44	83
96	33	110
60	40	76
110	36	64
76	44	39
72	19	57
92	44	117
13	44	116
116	44	79
58	30	11
22	31	31
109	10	85
44	11	78
118	44	25
100	34	38
113	7	93
54	33	27
63	12	65
51	3	22
33	40	124
30	35	75
132	44	76
24	4	51
104	27	124
61	37	57
75	31	104
90	2	28
94	29	98
114	37	46
72	44	98
64	13	28
88	15	110
40	23	33
68	13	75
36	40	28
25	44	84
127	36	28
116	31	35
25	3	80
32	36	104
83	44	114
115	31	91
114	37	76
115	28	29
67	15	116
118	27	128
9	7	130
86	36	128
96	36	72
57	37	126
92	28	29
86	36	124
105	34	65
55	19	123
21	28	81
13	27	57
40	23	26
67	2	114
50	44	25
90	7	111
124	19	25
40	31	47
117	44	114
25	37	34
129	15	116
114	44	9
107	40	133
123	13	75
123	44	117
45	15	110
109	34	65
1	11	7
99	34	38
21	11	56
84	44	71
129	7	104
61	3	51
115	28	11
30	19	114
109	19	51
37	7	67
108	5	123
114	34	65
69	11	59
72	44	78
85	32	121
60	12	65
128	44	34
79	7	78
108	20	113
128	44	126
50	7	104
102	7	67
108	16	51
50	27	76
114	37	39
76	3	131
84	11	83
117	13	128
0	39	41
26	34	65
29	27	72
61	14	124
106	36	32
76	6	124
42	7	88
67	34	65
105	44	28
15	13	117
120	36	84
45	7	104
118	27	51
122	11	59
64	37	83
17	20	84
92	20	90
121	7	104
87	1	92
108	40	72
92	5	129
124	40	134
120	31	129
108	18	67
13	7	102
40	36	63
104	44	123
21	1	82
69	27	128
42	7	111
57	19	76
130	11	56
35	15	114
76	37	79
11	34	65
64	6	84
72	44	46
109	35	124
64	37	130
118	27	57
102	7	104
37	44	123
106	19	57
92	11	33
127	44	117
67	2	117
67	44	61
101	36	25
71	36	129
35	15	123
96	33	39
127	33	79
117	11	1
57	19	64
128	11	7
53	23	26
10	44	61
61	13	83
60	40	72
35	27	51
22	1	82
54	36	117
127	31	37
54	45	85
132	27	51
98	27	76
76	44	27
10	27	57
76	19	117
114	14	116
64	13	57
86	11	73
28	37	75
31	43	28
117	37	84
106	2	49
42	44	84
76	19	128
54	31	45
20	7	44
92	18	104
109	10	121
128	44	71
118	16	57
90	15	116
111	15	84
123	37	78
57	19	116
107	40	22
19	36	92
21	31	29
101	11	56
28	2	49
61	37	114
85	27	106
115	40	28
116	37	16
49	40	134
124	13	64
57	13	51
114	13	107
108	5	113
57	19	25
31	4	28
84	13	61
106	44	84
96	36	124
116	37	34
70	11	56
124	37	16
34	27	57
76	37	9
42	34	65
110	36	49
104	17	61
82	43	57
92	20	75
108	20	123
78	34	38
45	2	64
54	45	110
96	31	104
113	7	90
128	19	28
77	35	108
113	11	10
61	37	34
61	0	128
105	27	76
93	44	116
124	37	57
54	33	34
131	16	124
120	33	34
57	37	44
87	1	60
30	11	56
129	27	124
13	34	38
123	44	28
72	19	64
55	16	28
105	11	10
72	11	62
110	33	27
118	2	28
64	44	114
18	11	10
131	16	76
28	19	123
35	44	75
131	21	6
69	27	106
104	7	10
57	11	1
15	34	38
33	34	65
124	0	28
61	44	71
85	27	28
28	13	64
25	13	57
35	15	64
32	34	65
111	15	123
109	17	76
28	3	115
76	13	64
61	13	5
18	27	124
19	33	130
101	41	85
106	33	27
28	19	124
6	40	94
0	36	25
19	36	86
118	27	72
20	7	78
60	44	64
45	11	59
75	44	124
113	27	106
54	31	104
115	28	24
76	2	61
78	21	6
88	2	128
50	27	124
37	44	124
25	44	134
120	31	104
102	44	83
61	44	123
32	7	16
75	13	83
111	44	117
85	27	72
64	13	1
86	41	85
122	7	18
104	15	116
19	33	27
123	44	46
50	34	65
128	13	107
51	15	120
106	2	72
129	44	61
61	44	117
21	1	60
30	35	64
106	13	75
116	31	85
113	7	3
64	37	78
127	36	116
116	13	128
37	40	130
92	20	50
108	5	93
13	7	90
55	16	124
17	20	111
92	18	132
129	30	11
90	27	61
61	14	51
61	13	1
19	31	104
55	19	57
114	37	14
114	14	25
50	44	83
75	37	27
95	23	92
11	11	59
49	19	57
78	7	126
84	31	127
8	11	56
134	11	94
45	30	11
81	44	95
57	2	51
104	34	65
96	36	34
51	34	65
19	31	122
9	34	65
81	44	133
76	37	46
50	7	45
96	33	20
128	6	57
51	2	124
83	13	75
132	44	61
124	13	51
64	44	39
28	3	21
129	2	72
87	31	31
113	44	64
84	11	75
131	28	100
82	2	57
102	44	123
75	37	32
82	28	31
124	31	45
129	11	56
118	7	111
4	44	64
106	44	39
57	44	84
21	21	107
90	2	117
82	11	33
83	13	123
92	20	61
92	20	57
41	34	65
25	6	84
22	1	36
82	40	106
45	2	128
49	19	61
93	44	84
85	11	97
42	44	28
60	11	7
111	27	128
123	31	87
106	44	126
106	33	126
110	36	130
54	36	49
133	1	107
41	11	73
52	20	42
86	36	28
76	37	78
64	6	117
82	44	57
15	13	49
25	37	130
68	13	25
22	1	33
109	40	124
57	13	124
15	13	64
55	40	76
52	20	12
61	37	79
49	33	78
76	31	67
25	37	83
114	31	67
42	30	11
128	13	51
123	37	32
17	20	37
68	13	28
116	13	64
64	37	66
66	11	59
129	44	84
110	36	123
134	13	57
123	31	35
88	27	49
72	33	71
72	19	123
75	44	14
134	13	128
88	2	64
50	27	61
94	13	114
123	13	83
61	44	79
45	7	105
123	13	106
109	17	116
31	34	38
124	0	76
19	36	98
126	21	6
57	40	134
109	10	105
92	18	118
86	36	123
82	44	123
116	31	90
105	44	123
64	34	65
13	27	106
114	11	83
40	36	33
28	31	37
28	2	76
92	44	25
34	7	14
124	44	76
114	13	124
118	15	84
102	44	57
61	13	51
64	37	44
54	36	51
17	34	65
102	44	25
71	36	67
133	1	33
112	11	53
61	34	65
95	23	82
90	15	96
45	2	117
34	7	39
6	11	74
45	15	127
76	34	65
51	15	101
110	41	85
80	34	65
132	7	105
95	23	52
19	42	54
17	20	122
25	44	117
25	44	61
30	35	57
93	7	111
28	37	117
117	37	20
112	34	38
54	31	69
76	37	32
116	44	76
92	18	102
92	44	64
51	13	76
118	2	76
55	35	114
111	27	28
90	2	76
111	11	56
108	16	124
88	2	116
17	12	65
82	2	25
28	13	92
108	11	33
88	15	117
37	11	59
19	33	16
37	34	65
84	44	64
128	44	130
100	11	29
61	13	106
85	32	42
123	37	117
32	27	61
90	27	124
57	40	94
37	7	104
90	15	117
35	2	124
84	13	51
25	44	66
49	13	123
117	11	7
75	37	57
93	7	104
131	34	65
49	13	128
67	27	72
88	2	114
10	27	72
12	10	70
134	13	51
17	40	76
94	29	78
67	15	54
79	7	46
95	31	81
116	13	51
52	40	51
118	2	75
45	34	65
88	2	123
50	44	123
45	15	116
49	33	20
57	37	114
92	5	10
37	11	18
93	44	75
54	31	13
37	7	105
83	13	114
104	15	96
88	15	54
14	7	27
0	34	65
76	3	115
45	44	128
129	44	123
57	44	126
109	35	117
64	37	126
99	11	23
28	0	128
72	44	64
54	33	46
116	37	128
34	27	28
106	3	21
108	5	42
128	2	61
76	24	61
43	40	61
19	25	54
111	15	25
1	13	116
55	19	76
134	29	46
75	13	68
49	36	32
4	27	61
77	35	52
95	23	60
69	44	28
84	13	124
24	11	31
123	34	65
49	19	128
132	44	123
45	27	61
4	11	113
9	36	45
76	44	34
109	10	84
61	37	116
5	44	6
3	7	35
31	4	76
133	1	74
45	7	111
124	13	83
54	36	124
124	37	75
49	36	28
81	44	131
28	40	124
106	13	72
132	11	56
76	11	83
94	10	117
94	13	75
3	7	104
0	36	72
92	44	75
133	11	56
90	11	56
13	44	128
76	40	61
84	37	76
51	15	19
32	36	90
124	19	51
64	44	94
105	44	128
72	19	25
41	11	23
75	31	35
106	44	32
61	37	128
13	11	59
88	44	116
48	11	73
116	13	106
117	37	61
93	7	3
12	34	38
108	40	51
17	40	128
45	44	28
109	10	50
88	15	84
116	44	134
108	5	4
35	15	84
61	44	20
49	19	76
43	40	57
86	11	56
83	13	84
75	34	38
55	16	51
130	36	35
75	31	90
52	40	28
81	34	38
129	7	10
61	13	28
52	20	3
94	13	128
98	36	104
19	41	85
42	27	51
57	19	51
54	33	71
108	5	128
71	7	14
109	17	75
108	5	124
113	27	28
101	36	114
50	44	76
123	44	128
31	27	57
57	37	83
88	7	118
3	44	84
52	20	13
130	7	14
72	36	128
105	44	75
42	11	113
106	19	128
19	11	56
34	7	79
9	36	67
87	11	56
92	5	42
83	44	128
50	44	61
13	7	129
82	43	61
17	20	10
57	44	130
123	37	114
120	33	16
132	27	72
4	44	57
76	13	84
96	33	34
38	11	73
49	13	5
106	36	61
93	44	25
45	2	49
17	20	75
64	44	79
128	37	61
112	36	52
46	34	65
51	13	114
84	37	114
31	43	76
1	13	25
106	19	84
108	18	105
84	44	32
111	2	84
96	36	76
86	36	92
17	12	38
60	11	74
77	11	73
116	37	64
84	37	79
123	14	84
127	44	64
44	11	39
96	31	121
124	44	44
116	37	79
61	19	28
101	33	14
78	7	66
57	31	85
86	36	61
117	44	28
4	11	97
88	2	76
108	44	25
52	20	45
108	5	104
75	37	128
72	44	116
68	13	117
55	19	25
28	2	124
69	44	61
106	36	124
117	37	25
84	44	66
104	2	25
5	40	124
3	44	57
109	10	69
118	44	76
124	37	78
28	13	6
20	7	66
106	44	98
127	33	9
108	5	45
54	33	78
134	10	64
104	15	120
75	37	84
33	40	51
118	43	76
94	11	56
114	44	44
17	40	124
34	7	46
5	40	28
67	11	59
85	32	69
6	34	38
14	11	59
1	13	64
75	44	66
114	44	76
127	44	114
113	44	128
28	44	61
92	5	35
89	11	56
128	31	129
80	11	23
17	11	52
117	44	79
115	28	47
113	7	121
84	37	71
57	37	64
49	13	114
130	27	28
67	2	75
11	27	57
95	34	38
72	33	34
72	13	124
29	27	49
82	44	61
17	20	114
124	44	32
130	7	34
42	11	59
123	37	98
28	19	114
84	13	116
84	13	57
106	40	134
32	7	27
52	20	90
19	36	123
25	31	37
75	44	61
120	11	59
73	34	65
117	6	25
24	43	28
26	40	72
129	27	49
102	27	51
4	44	124
120	31	90
108	20	111
76	13	124
84	37	123
94	13	1
80	13	114
96	31	90
115	40	128
102	44	64
80	11	73
121	27	61
106	44	44
67	15	96
76	13	61
132	7	111
4	7	121
84	31	104
90	44	83
92	18	42
76	13	25
104	44	28
118	43	124
28	40	134
109	35	75
92	20	114
84	44	44
96	44	25
94	19	116
129	44	83
92	20	117
83	13	64
116	37	123
28	37	46
128	2	57
0	36	92
19	36	124
131	1	33
117	37	83
57	31	35
128	14	57
67	44	123
71	36	45
37	2	75
110	36	57
30	34	65
54	36	86
96	34	65
84	6	64
49	13	124
19	36	130
42	27	49
102	27	124
92	20	94
52	20	64
31	43	57
86	41	19
121	27	51
111	44	61
124	44	9
110	36	51
44	34	65
76	13	5
128	37	84
94	29	27
64	37	71
109	10	102
79	7	27
4	27	72
108	20	122
107	11	6
92	20	84
67	2	61
110	31	129
28	2	51
6	44	107
3	11	59
71	11	9
109	19	75
106	33	71
83	37	76
70	34	38
0	36	117
49	19	25
117	44	9
72	3	133
133	1	60
98	11	59
3	11	97
35	34	38
57	19	28
37	27	51
130	7	79
127	33	126
37	44	57
4	44	83
123	13	28
61	44	32
52	20	28
107	11	7
131	1	74
32	36	35
1	34	38
102	11	42
28	13	117
71	7	46
53	23	82
101	38	54
132	7	90
72	13	108
83	13	49
49	13	117
72	36	57
80	39	117
67	27	76
28	37	44
1	13	15
108	20	90
76	2	106
110	31	121
111	2	124
49	33	66
92	5	69
37	44	61
45	2	124
46	7	66
101	36	117
108	20	18
61	19	123
54	36	128
117	37	66
79	11	59
0	36	114
51	3	87
42	7	3
116	13	25
69	11	42
123	37	84
124	13	108
19	36	82
97	11	56
68	13	84
24	43	57
64	37	34
133	28	24
64	37	16
31	4	128
109	35	61
58	27	128
127	33	46
68	13	106
69	7	104
61	13	128
35	40	130
28	13	15
106	11	62
72	33	78
131	7	22
107	13	114
51	11	7
76	40	94
111	44	123
123	44	44
75	37	14
57	44	75
96	31	35
1	13	75
18	7	90
48	34	65
83	44	123
11	27	76
53	31	81
109	17	123
72	3	22
121	27	106
64	13	68
117	3	80
98	27	128
25	44	28
87	28	91
8	34	38
58	11	59
123	44	14
128	19	57
132	27	124
99	13	114
55	19	116
6	40	21
37	15	114
114	0	123
132	44	64
114	11	1
92	16	61
121	7	111
22	1	92
107	44	6
106	44	34
83	13	68
4	44	128
17	11	33
0	42	19
57	37	78
116	44	20
110	31	37
35	44	84
72	3	21
92	20	35
82	28	118
92	20	28
132	27	76
27	11	56
118	16	124
17	20	116
55	35	57
64	44	126
88	15	101
17	40	57
88	27	76
24	43	61
76	40	124
57	13	25
88	7	45
72	19	116
84	31	67
105	44	76
57	44	64
109	10	118
50	44	84
25	44	98
51	13	123
105	44	25
123	13	84
76	37	114
52	20	37
92	20	12
32	34	38
124	14	49
72	11	59
77	35	82
12	11	23
106	44	64
120	36	106
104	27	128
84	44	27
64	37	20
40	36	92
62	33	126
123	39	80
37	11	10
76	37	20
13	44	75
32	11	39
64	44	98
68	13	83
76	3	22
28	13	60
106	13	76
69	7	93
28	44	9
112	11	56
31	43	72
45	44	123
57	37	32
52	20	35
61	2	124
124	44	14
61	44	130
25	44	32
55	35	124
72	44	20
57	13	76
80	11	56
96	31	42
96	11	59
54	36	72
115	1	92
64	13	49
134	13	28
55	19	106
26	11	74
88	15	127
25	11	116
129	11	18
14	34	65
42	7	102
116	13	84
117	44	61
21	28	24
50	11	56
123	37	83
76	37	39
75	44	79
95	36	92
117	11	75
128	31	85
128	2	28
108	20	69
6	11	7
90	2	72
60	44	61
32	36	45
42	44	124
127	11	62
22	1	60
108	18	104
57	13	82
6	40	8
17	20	105
28	11	83
49	40	94
98	27	61
55	40	28
42	7	37
121	27	72
28	44	114
110	11	59
88	2	57
4	44	76
28	37	39
105	44	124
117	44	75
101	36	98
115	1	60
127	31	102
35	2	61
4	27	76
92	44	21
76	37	27
128	2	49
75	31	129
128	13	84
108	40	57
14	21	5
92	12	38
45	44	76
49	33	126
90	15	84
75	31	85
116	37	66
105	11	18
50	34	38
110	36	84
50	44	114
72	44	66
13	11	42
57	13	108
18	27	72
129	7	111
13	11	97
128	14	28
122	44	84
67	2	51
54	33	66
106	44	130
94	10	84
123	44	84
35	15	25
84	44	124
60	44	84
66	11	56
96	33	71
15	34	65
13	44	76
108	44	76
19	36	72
84	13	28
55	16	72
122	11	10
110	33	46
109	10	122
116	11	1
104	44	25
116	44	71
96	44	64
8	29	22
76	11	75
28	44	20
44	34	38
96	23	84
124	31	35
28	44	25
88	34	38
4	7	118
113	44	116
57	37	39
67	11	18
85	27	124
88	7	37
24	11	29
54	33	32
130	7	44
61	6	124
37	11	97
75	31	37
71	34	38
76	40	134
87	1	108
79	7	66
77	35	107
94	13	28
52	28	100
123	31	104
61	44	128
109	13	92
5	40	133
109	10	93
44	21	107
26	40	28
114	11	75
102	27	76
57	44	66
49	36	128
57	31	37
35	11	97
84	6	25
122	44	124
114	37	75
4	7	10
77	35	17
114	37	44
112	23	82
115	40	124
108	44	28
94	29	46
114	44	83
84	11	1
81	44	112
116	37	124
43	13	114
2	11	56
131	31	29
51	13	28
25	37	16
28	44	128
63	34	65
6	40	38
124	13	114
131	16	57
61	19	51
117	3	123
121	44	75
43	34	38
3	7	132
93	44	123
108	44	64
52	34	65
113	7	122
101	11	62
92	20	116
62	33	66
75	37	117
72	13	75
133	7	87
105	11	56
86	11	70
128	44	123
42	7	69
54	31	102
76	44	9
90	2	57
32	27	57
67	44	28
60	44	75
69	27	72
108	5	90
72	44	16
1	13	84
22	1	26
124	44	126
115	1	74
127	33	44
45	15	120
52	20	134
58	27	72
116	37	44
110	11	120
126	11	59
64	37	28
50	30	11
133	1	63
24	43	106
35	7	111
37	2	28
77	35	63
106	13	83
50	7	88
92	16	124
53	34	65
28	13	61
128	19	123
116	44	126
52	12	38
49	13	72
88	7	67
34	7	66
91	34	65
61	44	57
117	31	104
83	37	124
124	31	90
115	40	49
4	27	49
108	5	10
25	37	9
116	37	98
88	2	84
121	7	18
28	6	124
64	37	76
17	40	61
112	31	91
88	15	114
45	2	25
115	1	82
127	33	14
2	34	38
35	7	104
123	44	130
109	19	57
69	44	84
90	2	51
123	44	32
118	2	51
55	19	49
87	11	73
94	13	124
128	13	108
35	11	59
28	13	1
25	31	85
116	44	124
55	40	128
128	0	61
64	31	129
94	29	71
84	37	130
64	37	27
116	13	124
72	13	117
71	7	27
107	40	134
94	13	117
72	36	61
129	27	72
88	44	64
72	3	131
92	20	134
120	31	4
92	20	102
30	34	38
24	41	11
31	27	61
40	34	38
108	40	49
76	37	34
62	33	130
37	30	11
50	27	51
83	37	28
90	27	106
102	7	3
120	36	114
106	3	115
131	1	63
122	44	123
61	3	57
42	44	25
127	36	130
57	37	14
4	7	132
108	16	72
110	31	122
1	13	83
111	15	116
61	37	84
113	11	56
8	34	65
121	11	113
104	17	28
75	44	46
51	13	49
111	2	49
128	13	61
75	44	32
24	34	38
117	44	27
116	44	128
123	44	94
132	11	59
82	2	123
40	23	92
17	20	13
108	44	124
108	20	75
57	40	124
69	7	111
120	36	57
128	11	76
114	44	130
37	27	61
109	40	49
118	15	101
25	37	124
111	44	114
10	11	97
30	35	28
117	37	124
82	43	49
106	3	131
52	40	72
118	2	25
75	13	114
36	40	72
93	44	117
85	32	13
71	7	39
93	11	10
84	44	20
10	27	124
55	11	73
51	3	133
61	14	72
69	27	124
123	14	117
98	7	66
37	2	72
18	7	105
93	7	105
6	40	134
123	44	57
118	4	28
106	13	15
108	40	61
64	31	104
88	43	124
49	44	71
124	6	61
90	27	72
101	33	34
106	36	57
116	13	68
131	1	5
128	37	16
40	23	63
52	40	76
3	27	76
116	37	27
134	10	84
88	16	57
96	33	98
97	34	65
109	17	64
114	14	64
76	37	25
128	0	57
120	31	42
69	34	38
25	37	114
43	40	128
98	27	57
25	44	75
61	44	126
6	40	131
45	44	64
132	11	18
122	30	11
19	45	54
106	13	116
123	13	64
28	13	72
42	44	76
105	44	114
106	33	32
0	13	114
1	13	51
60	40	28
52	40	49
109	17	128
30	19	124
97	27	49
64	37	61
118	27	61
118	44	61
55	40	51
117	6	84
105	34	38
17	20	76
110	33	44
69	44	64
76	14	28
30	35	128
122	27	61
35	44	117
106	36	76
106	44	46
64	44	28
67	34	38
84	37	39
122	44	83
110	31	42
109	19	84
88	27	106
84	44	94
19	33	39
119	11	23
80	34	38
116	31	104
118	2	123
32	7	130
102	7	111
72	36	124
67	7	10
95	11	73
44	7	16
36	11	7
32	36	129
43	11	56
72	44	71
81	44	115
115	40	76
82	43	51
88	7	10
70	11	23
124	19	64
85	27	76
19	33	34
54	33	16
4	11	59
58	11	97
31	27	49
25	31	45
56	34	65
71	7	126
83	13	128
28	37	20
84	11	116
57	44	9
57	37	9
4	7	104
88	44	117
127	31	93
83	13	116
92	28	100
54	31	93
117	44	128
3	7	129
92	20	42
129	11	97
17	20	50
124	13	57
61	31	35
6	34	65
117	37	27
75	44	34
19	33	71
19	36	28
94	10	64
106	40	94
23	34	65
64	44	124
8	29	115
134	34	38
124	37	79
124	13	128
10	44	114
57	44	32
106	13	1
117	44	126
90	2	61
12	10	86
123	37	9
76	40	57
61	13	84
49	44	9
131	16	128
104	11	10
13	34	65
125	12	92
123	13	15
114	6	25
118	15	116
96	31	37
68	13	124
82	2	28
82	40	51
69	7	90
52	11	7
92	5	90
19	32	85
13	7	37
75	13	1
84	44	117
67	44	128
114	44	6
28	37	25
17	11	7
19	33	9
120	36	49
49	36	98
85	34	65
67	27	28
120	31	93
61	37	16
28	0	124
17	20	94
116	37	75
83	13	51
76	40	28
114	44	61
100	27	51
28	44	83
116	37	130
88	43	61
75	37	123
61	13	64
87	1	74
54	33	9
57	13	15
123	31	37
27	11	59
94	29	32
50	7	129
72	44	126
127	36	34
92	20	111
58	27	49
104	44	61
105	44	117
117	6	116
90	44	76
115	40	106
25	37	123
22	28	29
61	37	123
18	7	88
102	27	61
87	31	24
0	34	38
44	7	39
29	34	65
51	2	49
84	37	98
75	44	114
107	40	65
92	18	90
76	13	92
68	13	114
88	15	96
15	13	123
22	28	100
45	44	84
128	13	15
28	31	90
115	21	107
83	44	75
109	35	64
66	7	39
61	3	115
118	11	18
4	7	67
83	37	116
111	27	106
120	33	126
92	18	122
24	27	49
42	27	76
53	23	60
108	44	84
134	13	75
72	44	117
92	20	4
49	36	130
25	44	16
104	27	61
124	44	34
88	16	128
121	44	116
94	29	20
28	13	75
98	7	46
108	18	122
127	33	32
14	7	44
107	19	114
114	6	84
89	11	73
71	7	34
120	33	130
109	17	28
106	44	117
55	19	114
57	19	128
108	20	10
61	44	84
84	44	25
123	13	25
33	12	65
13	44	83
114	44	14
93	7	118
117	44	14
134	19	64
67	15	114
72	19	84
35	44	25
28	2	128
13	44	123
28	31	67
116	37	25
72	36	130
67	15	127
67	15	84
113	44	123
30	19	28
61	0	76
108	18	50
104	15	84
123	44	16
88	4	128
17	20	102
104	11	129
128	13	114
10	34	38
106	13	117
22	1	17
55	35	64
13	7	93
18	7	118
76	3	51
45	27	57
60	44	116
124	2	76
110	36	25
72	19	28
128	13	1
94	19	25
54	33	98
124	37	61
24	4	61
107	34	65
124	37	71
108	18	129
99	34	65
106	19	64
75	37	98
113	34	65
123	44	124
117	13	1
5	40	51
108	20	3
3	27	106
37	15	110
122	7	45
124	2	61
109	19	76
105	27	49
64	31	85
132	34	38
15	13	28
52	20	121
30	40	57
100	27	128
92	20	18
30	35	94
123	6	114
108	20	50
96	36	49
25	11	83
13	27	128
90	11	18
11	27	61
62	34	38
52	20	50
128	37	25
24	4	124
109	10	132
129	44	117
64	37	128
109	40	51
106	44	71
76	19	123
12	13	114
116	13	28
114	14	117
16	34	38
122	11	42
128	19	61
128	11	1
25	37	98
111	2	128
51	13	72
114	44	34
72	44	130
28	19	117
133	1	17
4	7	102
111	2	117
35	7	105
82	2	75
71	7	66
128	19	25
78	7	44
13	30	11
114	11	116
90	2	84
118	11	59
116	37	39
108	5	35
42	7	45
17	40	28
134	19	114
13	27	124
50	7	105
116	44	39
127	11	59
90	11	97
57	0	124
52	20	117
129	15	54
117	44	44
20	27	28
127	31	104
35	7	37
88	7	132
84	44	61
110	31	85
45	7	10
75	37	79
40	23	60
115	1	63
85	32	93
76	19	28
123	34	38
108	5	28
54	36	32
61	37	75
28	44	14
57	44	98
4	7	45
88	15	116
129	44	76
82	40	61
84	37	128
120	33	79
25	13	116
121	11	97
28	31	129
69	27	76
83	37	61
1	13	57
109	35	116
13	7	3
31	4	57
5	34	38
101	36	64
76	37	44
49	44	98
118	43	57
134	19	116
109	10	45
51	15	96
25	13	128
109	35	25
102	27	57
55	16	49
110	36	128
76	37	61
128	3	76
40	36	52
124	3	76
87	28	47
98	7	16
100	27	49
102	7	132
95	36	17
77	34	65
129	2	116
17	20	117
28	44	130
114	13	64
72	33	16
92	6	82
127	33	71
114	31	87
28	37	9
